001529
000547
000325
009275
002787
001527
001525
002785
014915
000227
005965
001067
00781K
001065
000545
090355
016385
014285
004545
000145
006345
011155
084695
005745
26490K
003075
001755
014825
004985
004105
002995
001795
012205
00806K
005725
004565
008355
000995
001745
004255
000225
009415
002025
004415
004835
008500
145995
000725
000075
002355
025890
35320K
153360
007815
010580
001515
000885
18064K
000087
003535
004920
204210
002420
001685
172580
140910
004365
007575
36328K
001770
003280
003925
001210
096300
010640
003475
001420
015260
001465
010145
155900
084870
108675
071950
014910
011230
010420
005030
002690
011420
003465
071090
015020
030720
069640
005820
051630
019490
004100
003495
088790
000760
009810
33637L
006880
009140
019685
003680
018500
005305
072130
018470
000157
010660
011300
003780
033250
109070
000950
010770
006200
007630
002220
044380
025530
078935
049800
024070
00499K
002820
001275
33626L
001620
023150
011700
010400
069460
008110
025560
008775
019180
009835
090080
006570
090370
000590
007610
084670
008870
123700
012170
120115
145270
000850
006660
007120
013360
011690
006805
005010
000105
009770
006125
012320
133820
003010
001560
069730
001080
000215
024890
008420
338100
004090
021820
058730
004450
105840
023350
014130
092780
111110
014990
005800
016880