001529
000547
000325
009275
002787
001527
001525
002785
000227
014915
005965
001067
00781K
001065
016385
090355
000545
014285
004545
000145
006345
011155
005745
003075
26490K
084695
001755
014825
004985
002995
004105
001795
012205
00806K
005725
004565
000995
008355
001745
000225
004255
004415
002025
009415
004835
008500
145995
000725
000075
025890
35320K
002355
153360
001515
007815
010580
000885
003535
18064K
000087
004920
204210
002420
001685
140910
172580
007575
004365
36328K
001770
003280
003925
001210
010640
096300
003475
015260
001420
001465
010145
155900
084870
108675
071950
014910
011230
010420
005030
002690
011420
003465
019490
015020
071090
069640
030720
051630
005820
003495
009810
004100
088790
000760
33637L
018500
003680
005305
009140
019685
006880
072130
000157
018470
010660
011300
003780
033250
109070
044380
010770
007630
002220
025530
006200
049800
024070
078935
001620
33626L
00499K
023150
025560
002820
001275
000950
011700
069460
009835
008110
019180
010400
006570
090080
008775
090370
007610
008870
007120
123700
145270
000590
120115
012170
084670
005010
006660
000850
013360
011690
006805
069730
000105
003010
009770
133820
000215
012320
006125
001560
001080
008420
024890
023350
338100
014130
004090
058730
004450
092780
105840
021820
002920
026940
023810
014990