009310
005800
005257
016880
004910
003080
025620
100220
014440
111110
005190
003610
002070
000500
005110
015540
010100
010040
155660
009180
145210
014710
002200
005870
015230
035000
000650
071970
003547
005360
357250
005750
007590
008260
001020
058860
004830
000300
006370
006090
350520
017370
003720
007980
041650
007280
016090
017040
011330
002140
002600
000220
019440
002870
031820
027970
002360
008600
006980
008250
025820
085310
001140
013000
016740
009440
006340
034590
001290
267290
011810
010820
012160
075180
078000
003650
001380
053690
003480
010960
002710
092440
004870
001550
002880
152550
334890
024900
227840
33637K
100840
006110
000890
093240
012600
119650
058850
009190
009200
004080
009270
014530
011090
000910
163560
032560
005430
002410
021050
014580
134790
118000
003460
129260
009320
003580
001750
067830
264900
001045
002760
092200
004720
001260
134380
004270
010600
000520
023000
000040
120030
009460
015590
027740
005740
020760
244920
117580
004840
004060
009470
004250
002450
103590
03473K
282690
024090
002460
000860
023960
017900
007660
002795
100250
214420
007110
128820
008970
37550K
000700
194370
012200
007540
102280
168490
143210
014280
004150
000155
002700
077970
058430
011390
210540
012280
044820
003830
000320
004540
003960
013700
004970
013570
005945
130660
004770
039570
025750
002720
013870
015890
035150
006380
006890
003350
004440
011150
005320
047400
023450
000180
074610
007860
006740
012690
010690
004410
007210
008040
001340
107590
055490
034300
012800
019175
000230
012030
003030
101140
095570
003160
030790
002170
004890
090350
02826K
200880
028100
091090
014790
001250
000970
007160
004980
123690
010955
001790
017180
000490
015360
033920
002630
089470
002030
009070
009160
003200
001070
003120
078520
006220
001570
002900
003920
005680
004960
082740
102260
001270
248170
003555
011760
001460
138490
070960
003570
144620
229640
33626K
020120
000680
005390
008060
267850
094280
017550
035510
008700
016610
101530
096775
092230
004310
001130
000540
005389
006490
030210
306200
005810
000430
003545
097955
005720
044450
28513K
013520
037710
013580
031440
002810
015860
011785
004380
033530
001940
002150
007340
016590
014160
017940
036530
308170
101060
003560
005960
002020
012610
004360
214330
029530
004560
079980
036580
058650
317400
214390
00279K
023800
001520
002620
068290
095720
075580
000390
016450
091810
003300
083420
007690
122900
002100
025000
000480
213500
011500
272550
084010
093230
00088K
002960
004710
019680
298690
033240
000050
092220
00104K
102460
002990
088260
357120
002210
234080
077500
005420
005950
079430
004690
009155
003220
072710
002240
016800
096760
007460
009580
005500
000140
084680
183190
161000
001500
004700
037560
007810
084690
016580
104700
094800
293940
011280
063160
900140
001200
001390
071055
037270
002780
322000
029460
001725
293480
001780
138250
001530
002390
000020
004140
053210
001510
033180
003620
002310
006840
126560
006060
009680
034120
000815
249420
071320
060980
025860
002270
016710
004430
339770
003060
000370
009410
008350
017390
093050
030610
009290
001360
136490
123890
001470
026890
003070
001430
001720
017960
034830
024720
145720
000400
001630
027410
068400
281820
009970
268280
010050
005090
005180
097230
195870
014830
008490
008730
033660
145990
003530
005070
003470
005610
226320
271980
015350
00680K
011930
286940
001060
034310
011000
017810
192650
012630
006390
108670
267260
003540
002320
052690
018250
003230
081000
298040
082640
170900
009450
001820
344820
085620
036420
001880
210980
353200
000640
000070
298000
267270
115390
049770
300720
002840
002350
000150
025540
006405
005880
033270
105630
365550
090435
001230
280360
001440
348950
330590
071840
192400
089590
079550
005440
001800
001680
018670
284740
039130
241590
272450
057050
005690
003690
020000
064960
007570
079160
103140
006040
363280
093370
069260
114090
001120
003850
003240
192080
192820
020560
005300
003520
175330
073240
000670
005850
042700
009420
248070
023590
139130
051600
006120
016380
214320
066575
161890
298050
032350
001740
009900
031430
181710
120110
003000
013890
000210
004000
004490
014820
051905
336370
112610
138040
069620
005250
042670
004370
010780
111770
004800
294870
298020
010120
002380
017800
138930
000060
001450
069960
185750
012450
000240
010620
007310
375500
003090
272210
950210
064350
011210
007700
030000
000880
009240
000080
006650
006260
081660
000990
047040
008560
028050
005385
004170
014680
007070
001040
010060
307950
042660
047050
282330
005830
088350
028670
036460
012750
204320
005940
006360
012510
051915
008770
016360
003410
039490
241560
023530
020150
047810
004990
029780
336260
078930
180640
000120
005387
128940
034020
088980
026960
010140
285130
008930
006280
000100
019170
267250
000720
011790
139480
021240
003490
071050
011070
271560
032640
035250
002790
004020
011200
024110
006800
161390
097950
030200
316140
011780
009830
086280
009540
352820
010130
000810
018880
034220
010950
251270
033780
086790
011170
326030
003670
090430
009150
015760
032830
018260
003550
055550
105560
034730
017670
036570
028260
005490
051900
066570
096770
012330
000270
068270
035720
006400
207940
005380
005935
051910
035420
000660
005930